2022	03	12	00	00	17	35.6358	-97.1841	2467	2.81	Mw	0	0	NEI	20220312000017
2022	03	12	00	00	30	35.6355	-97.184	2379	2.60	Mw	0	0	NEI	20220312000030
2022	03	12	00	02	24	35.6372	-97.1819	2252	2.83	Mw	0	0	NEI	20220312000224
2022	03	12	00	02	41	35.6375	-97.1821	2277	2.93	Mw	0	0	NEI	20220312000241
2022	03	12	00	03	22	35.6365	-97.1831	2322	2.88	Mw	0	0	NEI	20220312000322
2022	03	12	00	03	36	35.6355	-97.1843	2318	2.82	Mw	0	0	NEI	20220312000336
2022	03	12	00	05	06	35.6343	-97.1858	2373	2.93	Mw	0	0	NEI	20220312000506
2022	03	12	00	06	14	35.6366	-97.1824	2319	2.83	Mw	0	0	NEI	20220312000614
2022	03	12	00	06	29	35.6349	-97.1854	2324	2.75	Mw	0	0	NEI	20220312000629
2022	03	12	00	06	47	35.6384	-97.1805	2324	2.61	Mw	0	0	NEI	20220312000647
2022	03	12	00	07	15	35.6363	-97.1831	2259	2.90	Mw	0	0	NEI	20220312000715
2022	03	12	00	07	36	35.6367	-97.1824	2372	2.78	Mw	0	0	NEI	20220312000736
2022	03	12	00	09	02	35.6363	-97.1838	2339	2.80	Mw	0	0	NEI	20220312000902
2022	03	12	00	09	03	35.6385	-97.1798	2382	2.82	Mw	0	0	NEI	20220312000903
2022	03	12	00	09	21	35.6369	-97.1824	2275	2.71	Mw	0	0	NEI	20220312000921
2022	03	12	00	10	05	35.6363	-97.1829	2395	2.97	Mw	0	0	NEI	20220312001005
2022	03	12	00	10	48	35.6381	-97.182	2244	2.74	Mw	0	0	NEI	20220312001048
2022	03	12	00	13	26	35.6349	-97.1853	2251	2.74	Mw	0	0	NEI	20220312001326
2022	03	12	00	13	32	35.6359	-97.1838	2219	2.88	Mw	0	0	NEI	20220312001332
2022	03	12	00	15	04	35.6357	-97.1847	2320	2.77	Mw	0	0	NEI	20220312001504
2022	03	12	00	15	06	35.6355	-97.1848	2465	2.68	Mw	0	0	NEI	20220312001506
2022	03	12	00	16	00	35.6341	-97.1861	2371	2.83	Mw	0	0	NEI	20220312001600
2022	03	12	00	16	11	35.6356	-97.1842	2201	2.64	Mw	0	0	NEI	20220312001611
2022	03	12	00	16	16	35.6364	-97.1832	2205	2.75	Mw	0	0	NEI	20220312001616
2022	03	12	00	17	20	35.6365	-97.1828	2340	2.67	Mw	0	0	NEI	20220312001720
2022	03	12	00	17	40	35.6368	-97.1825	2441	2.75	Mw	0	0	NEI	20220312001740
2022	03	12	00	17	43	35.6362	-97.183	2263	2.85	Mw	0	0	NEI	20220312001743
2022	03	12	00	18	14	35.6372	-97.1816	2277	2.72	Mw	0	0	NEI	20220312001814
2022	03	12	00	18	34	35.6368	-97.1821	2258	2.79	Mw	0	0	NEI	20220312001834
2022	03	12	00	19	16	35.6355	-97.1846	2318	2.59	Mw	0	0	NEI	20220312001916
2022	03	12	00	21	04	35.6373	-97.1822	2355	2.81	Mw	0	0	NEI	20220312002104
2022	03	12	00	21	16	35.6345	-97.1854	2324	2.59	Mw	0	0	NEI	20220312002116
2022	03	12	00	21	31	35.6365	-97.1829	2443	2.59	Mw	0	0	NEI	20220312002131
2022	03	12	00	22	18	35.6376	-97.1815	2383	2.69	Mw	0	0	NEI	20220312002218
2022	03	12	00	23	44	35.6373	-97.1819	2274	2.74	Mw	0	0	NEI	20220312002344
2022	03	12	00	24	14	35.6365	-97.1837	2392	2.73	Mw	0	0	NEI	20220312002414
2022	03	12	00	24	28	35.6383	-97.1808	2243	2.74	Mw	0	0	NEI	20220312002428
2022	03	12	00	24	44	35.6365	-97.183	2325	2.82	Mw	0	0	NEI	20220312002444
2022	03	12	00	24	48	35.6368	-97.1824	2388	2.64	Mw	0	0	NEI	20220312002448
2022	03	12	00	24	56	35.637	-97.1821	2304	2.60	Mw	0	0	NEI	20220312002456
2022	03	12	00	25	01	35.6345	-97.1853	2214	2.67	Mw	0	0	NEI	20220312002501
2022	03	12	00	25	02	35.637	-97.1819	2405	2.77	Mw	0	0	NEI	20220312002502
2022	03	12	00	25	20	35.6363	-97.1829	2410	2.71	Mw	0	0	NEI	20220312002520
2022	03	12	00	25	26	35.6367	-97.1829	2340	2.79	Mw	0	0	NEI	20220312002526
2022	03	12	00	25	40	35.6379	-97.1812	2296	2.61	Mw	0	0	NEI	20220312002540
2022	03	12	00	26	02	35.6364	-97.1837	2202	2.86	Mw	0	0	NEI	20220312002602
2022	03	12	00	26	14	35.6367	-97.1824	2278	2.72	Mw	0	0	NEI	20220312002614
2022	03	12	00	29	25	35.636	-97.1833	2280	2.71	Mw	0	0	NEI	20220312002925
2022	03	12	00	29	30	35.6359	-97.1834	2335	2.72	Mw	0	0	NEI	20220312002930
2022	03	12	00	29	40	35.6351	-97.1847	2290	2.61	Mw	0	0	NEI	20220312002940
2022	03	12	00	30	40	35.638	-97.1811	2307	2.76	Mw	0	0	NEI	20220312003040
2022	03	12	00	32	19	35.6369	-97.1828	2367	2.75	Mw	0	0	NEI	20220312003219
2022	03	12	00	32	35	35.637	-97.1823	2336	2.66	Mw	0	0	NEI	20220312003235
2022	03	12	00	33	07	35.6358	-97.1836	2225	2.71	Mw	0	0	NEI	20220312003307
2022	03	12	00	33	26	35.6359	-97.1837	2432	2.77	Mw	0	0	NEI	20220312003326
2022	03	12	00	33	30	35.637	-97.1824	2260	2.59	Mw	0	0	NEI	20220312003330
2022	03	12	00	34	25	35.6363	-97.1836	2448	2.66	Mw	0	0	NEI	20220312003425
2022	03	12	00	34	29	35.6362	-97.1835	2420	2.65	Mw	0	0	NEI	20220312003429
2022	03	12	00	35	50	35.6372	-97.1823	2229	2.58	Mw	0	0	NEI	20220312003550
2022	03	12	00	36	24	35.6363	-97.1829	2419	2.69	Mw	0	0	NEI	20220312003624
2022	03	12	00	37	11	35.6365	-97.1824	2230	2.70	Mw	0	0	NEI	20220312003711
2022	03	12	00	37	15	35.6358	-97.1837	2427	2.58	Mw	0	0	NEI	20220312003715
2022	03	12	00	37	40	35.6359	-97.1839	2221	2.62	Mw	0	0	NEI	20220312003740
2022	03	12	00	38	49	35.6359	-97.1832	2435	2.70	Mw	0	0	NEI	20220312003849
2022	03	12	00	41	25	35.637	-97.182	2199	2.56	Mw	0	0	NEI	20220312004125
2022	03	12	00	41	56	35.6351	-97.1844	2387	2.75	Mw	0	0	NEI	20220312004156
2022	03	12	00	42	02	35.6364	-97.1832	2295	2.69	Mw	0	0	NEI	20220312004202
2022	03	12	00	42	27	35.6366	-97.1828	2445	2.69	Mw	0	0	NEI	20220312004227
2022	03	12	00	42	39	35.6356	-97.1842	2375	2.65	Mw	0	0	NEI	20220312004239
2022	03	12	00	42	41	35.6368	-97.1827	2369	2.65	Mw	0	0	NEI	20220312004241
2022	03	12	00	42	59	35.6357	-97.184	2228	2.59	Mw	0	0	NEI	20220312004259
2022	03	12	00	44	10	35.6356	-97.1842	2392	2.70	Mw	0	0	NEI	20220312004410
2022	03	12	00	45	22	35.6375	-97.1825	2342	2.65	Mw	0	0	NEI	20220312004522
2022	03	12	00	46	49	35.6364	-97.1834	2209	2.59	Mw	0	0	NEI	20220312004649
2022	03	12	00	46	52	35.6367	-97.1828	2199	2.81	Mw	0	0	NEI	20220312004652
2022	03	12	00	47	52	35.6364	-97.1831	2434	2.43	Mw	0	0	NEI	20220312004752
2022	03	12	00	51	11	35.6382	-97.1812	2390	2.50	Mw	0	0	NEI	20220312005111
2022	03	12	00	51	28	35.6359	-97.1842	2465	2.50	Mw	0	0	NEI	20220312005128
2022	03	12	00	52	28	35.6367	-97.1828	2329	2.59	Mw	0	0	NEI	20220312005228
2022	03	12	00	52	54	35.6371	-97.1825	2227	2.60	Mw	0	0	NEI	20220312005254
2022	03	12	00	53	32	35.6379	-97.1811	2231	2.46	Mw	0	0	NEI	20220312005332
2022	03	12	00	53	51	35.6367	-97.183	2364	2.65	Mw	0	0	NEI	20220312005351
2022	03	12	00	54	23	35.6376	-97.182	2389	2.59	Mw	0	0	NEI	20220312005423
2022	03	12	00	54	38	35.636	-97.1835	2465	2.65	Mw	0	0	NEI	20220312005438
2022	03	12	00	55	24	35.635	-97.1846	2399	2.51	Mw	0	0	NEI	20220312005524
2022	03	12	00	56	39	35.6375	-97.1822	2282	2.63	Mw	0	0	NEI	20220312005639
2022	03	12	00	56	48	35.6366	-97.1829	2280	2.60	Mw	0	0	NEI	20220312005648
2022	03	12	00	56	52	35.6354	-97.1844	2242	2.59	Mw	0	0	NEI	20220312005652
2022	03	12	00	57	08	35.6355	-97.1843	2346	2.54	Mw	0	0	NEI	20220312005708
2022	03	12	00	57	46	35.6349	-97.1849	2464	2.77	Mw	0	0	NEI	20220312005746
2022	03	12	00	58	27	35.6366	-97.1821	2465	2.73	Mw	0	0	NEI	20220312005827
2022	03	12	00	58	36	35.636	-97.183	2357	2.63	Mw	0	0	NEI	20220312005836
2022	03	12	00	59	38	35.6353	-97.1847	2283	2.55	Mw	0	0	NEI	20220312005938
2022	03	12	01	00	29	35.6356	-97.1843	2331	2.66	Mw	0	0	NEI	20220312010029
2022	03	12	01	01	13	35.6352	-97.1838	2320	2.56	Mw	0	0	NEI	20220312010113
2022	03	12	01	01	15	35.6375	-97.1821	2353	2.55	Mw	0	0	NEI	20220312010115
2022	03	12	01	01	28	35.6374	-97.1817	2218	2.56	Mw	0	0	NEI	20220312010128
2022	03	12	01	02	39	35.6375	-97.1816	2467	2.58	Mw	0	0	NEI	20220312010239
2022	03	12	01	02	52	35.6373	-97.1824	2346	2.63	Mw	0	0	NEI	20220312010252
2022	03	12	01	05	27	35.6356	-97.184	2425	2.45	Mw	0	0	NEI	20220312010527
2022	03	12	01	06	26	35.6354	-97.1843	2351	2.62	Mw	0	0	NEI	20220312010626
2022	03	12	01	06	30	35.6354	-97.1846	2466	2.53	Mw	0	0	NEI	20220312010630
2022	03	12	01	11	27	35.636	-97.1845	2334	2.58	Mw	0	0	NEI	20220312011127
2022	03	12	01	12	00	35.6366	-97.1833	2398	2.55	Mw	0	0	NEI	20220312011200
2022	03	12	01	12	06	35.6363	-97.1829	2241	2.48	Mw	0	0	NEI	20220312011206
2022	03	12	01	13	32	35.6378	-97.181	2224	2.56	Mw	0	0	NEI	20220312011332
2022	03	12	01	13	57	35.6352	-97.1846	2456	2.63	Mw	0	0	NEI	20220312011357
2022	03	12	01	16	07	35.6383	-97.1811	2369	2.71	Mw	0	0	NEI	20220312011607
2022	03	12	01	16	23	35.6364	-97.1833	2287	2.57	Mw	0	0	NEI	20220312011623
2022	03	12	01	17	08	35.6379	-97.1813	2350	2.52	Mw	0	0	NEI	20220312011708
2022	03	12	01	19	48	35.6367	-97.1827	2205	2.55	Mw	0	0	NEI	20220312011948
2022	03	12	01	21	31	35.6378	-97.181	2394	2.41	Mw	0	0	NEI	20220312012131
2022	03	12	01	21	57	35.6365	-97.1826	2437	2.44	Mw	0	0	NEI	20220312012157
2022	03	12	01	22	12	35.6346	-97.1852	2468	2.66	Mw	0	0	NEI	20220312012212
2022	03	12	01	22	29	35.6373	-97.1821	2279	2.56	Mw	0	0	NEI	20220312012229
2022	03	12	01	22	30	35.6356	-97.1839	2399	2.36	Mw	0	0	NEI	20220312012230
2022	03	12	01	24	49	35.6364	-97.1831	2276	2.55	Mw	0	0	NEI	20220312012449
2022	03	12	01	25	48	35.6377	-97.1817	2314	2.50	Mw	0	0	NEI	20220312012548
2022	03	12	01	26	29	35.6365	-97.1826	2429	2.45	Mw	0	0	NEI	20220312012629
2022	03	12	01	26	56	35.6368	-97.1824	2463	2.65	Mw	0	0	NEI	20220312012656
2022	03	12	01	27	02	35.6366	-97.183	2454	2.40	Mw	0	0	NEI	20220312012702
2022	03	12	01	27	54	35.6362	-97.1837	2235	2.51	Mw	0	0	NEI	20220312012754
2022	03	12	01	28	00	35.6382	-97.1813	2341	2.46	Mw	0	0	NEI	20220312012800
2022	03	12	01	28	39	35.6362	-97.1831	2206	2.63	Mw	0	0	NEI	20220312012839
2022	03	12	01	29	39	35.6376	-97.1816	2457	2.47	Mw	0	0	NEI	20220312012939
2022	03	12	01	30	25	35.637	-97.1818	2256	2.35	Mw	0	0	NEI	20220312013025
2022	03	12	01	31	06	35.6359	-97.1841	2456	2.64	Mw	0	0	NEI	20220312013106
2022	03	12	01	32	27	35.6353	-97.1841	2454	2.44	Mw	0	0	NEI	20220312013227
2022	03	12	01	33	16	35.6349	-97.1848	2375	2.37	Mw	0	0	NEI	20220312013316
2022	03	12	01	34	50	35.6373	-97.182	2231	2.50	Mw	0	0	NEI	20220312013450
2022	03	12	01	35	00	35.6368	-97.1825	2384	2.31	Mw	0	0	NEI	20220312013500
2022	03	12	01	35	09	35.634	-97.1857	2200	2.62	Mw	0	0	NEI	20220312013509
2022	03	12	01	37	40	35.6368	-97.1825	2220	2.44	Mw	0	0	NEI	20220312013740
2022	03	12	01	37	45	35.6358	-97.184	2305	2.45	Mw	0	0	NEI	20220312013745
2022	03	12	01	38	16	35.6374	-97.1822	2278	2.39	Mw	0	0	NEI	20220312013816
2022	03	12	01	39	19	35.6362	-97.1822	2303	2.59	Mw	0	0	NEI	20220312013919
2022	03	12	01	39	31	35.6359	-97.1841	2236	2.28	Mw	0	0	NEI	20220312013931
2022	03	12	01	41	09	35.6361	-97.1839	2358	2.36	Mw	0	0	NEI	20220312014109
2022	03	12	01	41	23	35.6356	-97.1844	2390	2.55	Mw	0	0	NEI	20220312014123
2022	03	12	01	43	05	35.6354	-97.1843	2218	2.33	Mw	0	0	NEI	20220312014305
2022	03	12	01	44	27	35.6368	-97.1821	2230	2.65	Mw	0	0	NEI	20220312014427
2022	03	12	01	44	59	35.6368	-97.1822	2307	2.35	Mw	0	0	NEI	20220312014459
2022	03	12	01	45	45	35.6376	-97.1815	2322	2.39	Mw	0	0	NEI	20220312014545
2022	03	12	01	46	18	35.6362	-97.1837	2293	2.32	Mw	0	0	NEI	20220312014618
2022	03	12	01	46	21	35.6362	-97.1826	2427	2.48	Mw	0	0	NEI	20220312014621
2022	03	12	01	46	52	35.6361	-97.1834	2285	2.60	Mw	0	0	NEI	20220312014652
2022	03	12	01	46	57	35.6369	-97.1823	2310	2.67	Mw	0	0	NEI	20220312014657
2022	03	12	01	49	11	35.6351	-97.1846	2287	2.19	Mw	0	0	NEI	20220312014911
2022	03	12	01	49	29	35.6367	-97.183	2230	2.41	Mw	0	0	NEI	20220312014929
2022	03	12	01	50	03	35.6352	-97.1852	2235	2.41	Mw	0	0	NEI	20220312015003
2022	03	12	01	50	25	35.638	-97.1815	2298	2.47	Mw	0	0	NEI	20220312015025
2022	03	12	01	51	43	35.6371	-97.1829	2354	2.44	Mw	0	0	NEI	20220312015143
2022	03	12	01	51	59	35.6365	-97.183	2465	2.45	Mw	0	0	NEI	20220312015159
2022	03	12	01	52	16	35.6366	-97.1834	2368	2.44	Mw	0	0	NEI	20220312015216
2022	03	12	01	53	03	35.6372	-97.1828	2394	2.32	Mw	0	0	NEI	20220312015303
2022	03	12	01	53	15	35.6372	-97.1826	2455	2.35	Mw	0	0	NEI	20220312015315
2022	03	12	01	58	12	35.6377	-97.1811	2208	2.42	Mw	0	0	NEI	20220312015812
2022	03	12	01	59	01	35.6369	-97.1825	2268	2.19	Mw	0	0	NEI	20220312015901
2022	03	12	02	01	20	35.6355	-97.184	2342	2.42	Mw	0	0	NEI	20220312020120
2022	03	12	02	03	30	35.6376	-97.1814	2281	2.36	Mw	0	0	NEI	20220312020330
2022	03	12	02	04	43	35.6366	-97.1833	2225	2.34	Mw	0	0	NEI	20220312020443
2022	03	12	02	04	47	35.6376	-97.1814	2248	2.36	Mw	0	0	NEI	20220312020447
2022	03	12	02	06	35	35.6348	-97.185	2263	2.49	Mw	0	0	NEI	20220312020635
2022	03	12	02	06	54	35.6366	-97.183	2284	2.44	Mw	0	0	NEI	20220312020654
2022	03	12	02	07	49	35.6362	-97.1836	2243	2.41	Mw	0	0	NEI	20220312020749
2022	03	12	02	09	37	35.6372	-97.1822	2415	2.41	Mw	0	0	NEI	20220312020937
2022	03	12	02	10	40	35.6365	-97.1833	2464	2.39	Mw	0	0	NEI	20220312021040
2022	03	12	02	11	16	35.6368	-97.1822	2275	2.41	Mw	0	0	NEI	20220312021116
2022	03	12	02	13	23	35.6369	-97.1821	2383	2.31	Mw	0	0	NEI	20220312021323
2022	03	12	02	14	14	35.6363	-97.1836	2307	2.38	Mw	0	0	NEI	20220312021414
2022	03	12	02	14	48	35.6363	-97.1836	2251	2.32	Mw	0	0	NEI	20220312021448
2022	03	12	02	14	57	35.637	-97.1822	2330	2.31	Mw	0	0	NEI	20220312021457
2022	03	12	02	18	25	35.6363	-97.1827	2266	2.38	Mw	0	0	NEI	20220312021825
2022	03	12	02	18	30	35.6368	-97.1829	2402	2.38	Mw	0	0	NEI	20220312021830
2022	03	12	02	21	37	35.636	-97.1835	2244	2.45	Mw	0	0	NEI	20220312022137
2022	03	12	02	22	09	35.6354	-97.1848	2204	2.45	Mw	0	0	NEI	20220312022209
2022	03	12	02	24	15	35.6359	-97.1827	2410	2.48	Mw	0	0	NEI	20220312022415
2022	03	12	02	24	33	35.6376	-97.1814	2358	2.27	Mw	0	0	NEI	20220312022433
2022	03	12	02	24	50	35.6349	-97.1847	2215	2.17	Mw	0	0	NEI	20220312022450
2022	03	12	02	25	21	35.6374	-97.1815	2329	2.42	Mw	0	0	NEI	20220312022521
2022	03	12	02	26	06	35.6369	-97.1828	2314	2.36	Mw	0	0	NEI	20220312022606
2022	03	12	02	27	22	35.6369	-97.183	2235	2.41	Mw	0	0	NEI	20220312022722
2022	03	12	02	28	02	35.6364	-97.1835	2203	2.55	Mw	0	0	NEI	20220312022802
2022	03	12	02	28	32	35.637	-97.1829	2372	2.31	Mw	0	0	NEI	20220312022832
2022	03	12	02	28	48	35.635	-97.1852	2340	2.14	Mw	0	0	NEI	20220312022848
2022	03	12	02	30	01	35.6369	-97.1819	2298	2.18	Mw	0	0	NEI	20220312023001
2022	03	12	02	30	58	35.6377	-97.1811	2350	2.52	Mw	0	0	NEI	20220312023058
2022	03	12	02	31	04	35.6375	-97.1816	2277	2.31	Mw	0	0	NEI	20220312023104
2022	03	12	02	31	31	35.6374	-97.1817	2435	2.18	Mw	0	0	NEI	20220312023131
2022	03	12	02	32	32	35.6355	-97.1838	2290	2.44	Mw	0	0	NEI	20220312023232
2022	03	12	02	40	39	35.6368	-97.1825	2451	2.22	Mw	0	0	NEI	20220312024039
2022	03	12	02	40	54	35.6354	-97.1843	2456	2.24	Mw	0	0	NEI	20220312024054
2022	03	12	02	43	12	35.636	-97.184	2204	2.14	Mw	0	0	NEI	20220312024312
2022	03	12	02	43	49	35.6375	-97.1812	2442	2.36	Mw	0	0	NEI	20220312024349
2022	03	12	02	44	11	35.6377	-97.1809	2418	2.31	Mw	0	0	NEI	20220312024411
2022	03	12	02	44	25	35.6376	-97.1816	2284	2.32	Mw	0	0	NEI	20220312024425
2022	03	12	02	45	05	35.6368	-97.1833	2362	2.46	Mw	0	0	NEI	20220312024505
2022	03	12	02	48	07	35.6369	-97.1827	2264	2.28	Mw	0	0	NEI	20220312024807
2022	03	12	02	49	07	35.6358	-97.1838	2198	2.27	Mw	0	0	NEI	20220312024907
2022	03	12	02	51	25	35.6368	-97.1826	2261	2.33	Mw	0	0	NEI	20220312025125
2022	03	12	02	54	18	35.6371	-97.1828	2408	2.34	Mw	0	0	NEI	20220312025418
2022	03	12	02	54	45	35.6358	-97.1845	2275	2.29	Mw	0	0	NEI	20220312025445
2022	03	12	02	54	54	35.6365	-97.1834	2280	2.15	Mw	0	0	NEI	20220312025454
2022	03	12	02	54	58	35.6367	-97.1827	2408	2.07	Mw	0	0	NEI	20220312025458
2022	03	12	02	55	08	35.6371	-97.182	2430	2.19	Mw	0	0	NEI	20220312025508
2022	03	12	02	55	51	35.6366	-97.1829	2283	2.24	Mw	0	0	NEI	20220312025551
2022	03	12	02	56	42	35.6359	-97.184	2459	2.33	Mw	0	0	NEI	20220312025642
2022	03	12	02	57	04	35.6352	-97.1843	2315	2.32	Mw	0	0	NEI	20220312025704
2022	03	12	02	57	24	35.6387	-97.1803	2220	2.38	Mw	0	0	NEI	20220312025724
2022	03	12	02	57	29	35.6373	-97.1826	2208	2.25	Mw	0	0	NEI	20220312025729
2022	03	12	02	57	35	35.6365	-97.1828	2460	2.29	Mw	0	0	NEI	20220312025735
2022	03	12	03	03	31	35.6363	-97.183	2462	2.24	Mw	0	0	NEI	20220312030331
2022	03	12	03	05	03	35.6364	-97.1831	2358	2.14	Mw	0	0	NEI	20220312030503
2022	03	12	03	08	23	35.6357	-97.1837	2281	2.13	Mw	0	0	NEI	20220312030823
2022	03	12	03	09	01	35.6353	-97.1843	2200	2.20	Mw	0	0	NEI	20220312030901
2022	03	12	03	12	56	35.6365	-97.1836	2323	2.28	Mw	0	0	NEI	20220312031256
2022	03	12	03	13	24	35.6365	-97.1831	2457	2.25	Mw	0	0	NEI	20220312031324
2022	03	12	03	15	08	35.6344	-97.1862	2401	2.07	Mw	0	0	NEI	20220312031508
2022	03	12	03	15	46	35.6378	-97.1815	2254	2.15	Mw	0	0	NEI	20220312031546
2022	03	12	03	16	16	35.6363	-97.1829	2265	2.48	Mw	0	0	NEI	20220312031616
2022	03	12	03	16	22	35.6355	-97.1845	2303	2.40	Mw	0	0	NEI	20220312031622
2022	03	12	03	17	34	35.636	-97.1838	2317	2.12	Mw	0	0	NEI	20220312031734
2022	03	12	03	18	23	35.6369	-97.1825	2279	2.17	Mw	0	0	NEI	20220312031823
2022	03	12	03	18	46	35.637	-97.1824	2325	2.11	Mw	0	0	NEI	20220312031846
2022	03	12	03	20	58	35.6364	-97.1835	2213	2.26	Mw	0	0	NEI	20220312032058
2022	03	12	03	20	59	35.6368	-97.1826	2404	2.27	Mw	0	0	NEI	20220312032059
2022	03	12	03	23	52	35.6346	-97.1854	2291	2.23	Mw	0	0	NEI	20220312032352
2022	03	12	03	25	07	35.6353	-97.1845	2298	2.30	Mw	0	0	NEI	20220312032507
2022	03	12	03	25	22	35.6355	-97.1842	2275	2.16	Mw	0	0	NEI	20220312032522
2022	03	12	03	25	56	35.6364	-97.1826	2417	2.09	Mw	0	0	NEI	20220312032556
2022	03	12	03	27	34	35.6368	-97.1827	2383	2.07	Mw	0	0	NEI	20220312032734
2022	03	12	03	27	53	35.6338	-97.1859	2387	2.37	Mw	0	0	NEI	20220312032753
2022	03	12	03	29	03	35.6369	-97.1823	2394	2.04	Mw	0	0	NEI	20220312032903
2022	03	12	03	31	42	35.6367	-97.1829	2291	2.17	Mw	0	0	NEI	20220312033142
2022	03	12	03	35	02	35.6354	-97.184	2414	1.93	Mw	0	0	NEI	20220312033502
2022	03	12	03	36	05	35.6356	-97.1848	2451	2.20	Mw	0	0	NEI	20220312033605
2022	03	12	03	37	47	35.6352	-97.1842	2386	2.37	Mw	0	0	NEI	20220312033747
2022	03	12	03	37	59	35.6357	-97.1836	2445	2.19	Mw	0	0	NEI	20220312033759
2022	03	12	03	39	04	35.6353	-97.1841	2459	2.23	Mw	0	0	NEI	20220312033904
2022	03	12	03	42	09	35.6372	-97.1821	2350	2.04	Mw	0	0	NEI	20220312034209
2022	03	12	03	42	38	35.6361	-97.1836	2432	2.27	Mw	0	0	NEI	20220312034238
2022	03	12	03	43	34	35.6351	-97.1851	2452	2.24	Mw	0	0	NEI	20220312034334
2022	03	12	03	44	39	35.6361	-97.1834	2394	2.42	Mw	0	0	NEI	20220312034439
2022	03	12	03	50	08	35.6376	-97.1814	2333	2.29	Mw	0	0	NEI	20220312035008
2022	03	12	03	50	32	35.6363	-97.1829	2359	2.25	Mw	0	0	NEI	20220312035032
2022	03	12	03	51	25	35.6353	-97.1841	2416	2.09	Mw	0	0	NEI	20220312035125
2022	03	12	03	52	13	35.6355	-97.1841	2405	2.19	Mw	0	0	NEI	20220312035213
2022	03	12	03	52	35	35.6362	-97.1837	2286	2.20	Mw	0	0	NEI	20220312035235
2022	03	12	03	52	43	35.6361	-97.1835	2295	2.01	Mw	0	0	NEI	20220312035243
2022	03	12	03	52	59	35.6355	-97.184	2280	2.10	Mw	0	0	NEI	20220312035259
2022	03	12	03	57	39	35.6357	-97.184	2361	2.04	Mw	0	0	NEI	20220312035739
2022	03	12	03	59	36	35.6364	-97.1832	2332	2.34	Mw	0	0	NEI	20220312035936
2022	03	12	03	59	53	35.6357	-97.1839	2262	2.05	Mw	0	0	NEI	20220312035953
2022	03	12	04	00	22	35.6371	-97.1824	2217	2.01	Mw	0	0	NEI	20220312040022
2022	03	12	04	00	36	35.638	-97.1809	2341	2.20	Mw	0	0	NEI	20220312040036
2022	03	12	04	02	11	35.6348	-97.1849	2422	2.18	Mw	0	0	NEI	20220312040211
2022	03	12	04	05	54	35.6367	-97.1825	2289	2.28	Mw	0	0	NEI	20220312040554
2022	03	12	04	06	22	35.6372	-97.1826	2444	2.09	Mw	0	0	NEI	20220312040622
2022	03	12	04	06	48	35.6352	-97.1846	2350	2.05	Mw	0	0	NEI	20220312040648
2022	03	12	04	08	48	35.6374	-97.1821	2375	2.14	Mw	0	0	NEI	20220312040848
2022	03	12	04	10	16	35.6369	-97.1824	2434	2.33	Mw	0	0	NEI	20220312041016
2022	03	12	04	10	45	35.6355	-97.1841	2419	2.08	Mw	0	0	NEI	20220312041045
2022	03	12	04	17	05	35.6349	-97.1848	2296	2.16	Mw	0	0	NEI	20220312041705
2022	03	12	04	17	25	35.6359	-97.1836	2438	2.19	Mw	0	0	NEI	20220312041725
2022	03	12	04	18	35	35.6367	-97.1827	2435	2.06	Mw	0	0	NEI	20220312041835
2022	03	12	04	19	05	35.6355	-97.184	2296	2.13	Mw	0	0	NEI	20220312041905
2022	03	12	04	25	15	35.6362	-97.1834	2453	2.17	Mw	0	0	NEI	20220312042515
2022	03	12	04	26	50	35.6365	-97.1828	2350	2.00	Mw	0	0	NEI	20220312042650
2022	03	12	04	29	08	35.64	-97.1781	2346	2.04	Mw	0	0	NEI	20220312042908
2022	03	12	04	29	10	35.6372	-97.1821	2301	2.13	Mw	0	0	NEI	20220312042910
2022	03	12	04	29	25	35.637	-97.1826	2250	2.03	Mw	0	0	NEI	20220312042925
2022	03	12	04	30	55	35.6365	-97.1828	2231	2.00	Mw	0	0	NEI	20220312043055
2022	03	12	04	31	14	35.6373	-97.1821	2456	2.04	Mw	0	0	NEI	20220312043114
2022	03	12	04	31	47	35.6369	-97.1822	2355	2.02	Mw	0	0	NEI	20220312043147
2022	03	12	04	32	28	35.6366	-97.183	2226	2.11	Mw	0	0	NEI	20220312043228
2022	03	12	04	34	03	35.6372	-97.1823	2466	2.02	Mw	0	0	NEI	20220312043403
2022	03	12	04	35	51	35.6364	-97.1826	2245	2.05	Mw	0	0	NEI	20220312043551
2022	03	12	04	37	02	35.6372	-97.1819	2364	2.12	Mw	0	0	NEI	20220312043702
2022	03	12	04	41	37	35.6366	-97.1831	2241	1.97	Mw	0	0	NEI	20220312044137
2022	03	12	04	44	38	35.6364	-97.183	2353	2.18	Mw	0	0	NEI	20220312044438
2022	03	12	04	44	53	35.6368	-97.1829	2301	2.10	Mw	0	0	NEI	20220312044453
2022	03	12	04	47	01	35.6359	-97.1839	2416	1.97	Mw	0	0	NEI	20220312044701
2022	03	12	04	50	25	35.6355	-97.1842	2435	2.20	Mw	0	0	NEI	20220312045025
2022	03	12	04	51	09	35.6363	-97.183	2406	1.98	Mw	0	0	NEI	20220312045109
2022	03	12	04	53	26	35.6365	-97.1834	2277	2.01	Mw	0	0	NEI	20220312045326
2022	03	12	04	53	34	35.6361	-97.1837	2349	2.09	Mw	0	0	NEI	20220312045334
2022	03	12	04	55	15	35.6366	-97.1827	2274	2.05	Mw	0	0	NEI	20220312045515
2022	03	12	04	57	07	35.6378	-97.1814	2198	2.02	Mw	0	0	NEI	20220312045707
2022	03	12	04	57	40	35.6362	-97.1837	2421	2.17	Mw	0	0	NEI	20220312045740
2022	03	12	05	00	42	35.637	-97.1825	2395	1.80	Mw	0	0	NEI	20220312050042
2022	03	12	05	01	49	35.6356	-97.1844	2201	2.19	Mw	0	0	NEI	20220312050149
2022	03	12	05	04	28	35.6359	-97.1841	2361	2.20	Mw	0	0	NEI	20220312050428
2022	03	12	05	07	43	35.6362	-97.184	2447	2.07	Mw	0	0	NEI	20220312050743
2022	03	12	05	08	32	35.6358	-97.1838	2333	2.21	Mw	0	0	NEI	20220312050832
2022	03	12	05	10	19	35.6368	-97.1826	2429	1.88	Mw	0	0	NEI	20220312051019
2022	03	12	05	10	54	35.6372	-97.1823	2332	2.04	Mw	0	0	NEI	20220312051054
2022	03	12	05	12	26	35.636	-97.1834	2242	2.21	Mw	0	0	NEI	20220312051226
2022	03	12	05	16	08	35.6372	-97.1821	2295	2.25	Mw	0	0	NEI	20220312051608
2022	03	12	05	20	00	35.6361	-97.1834	2458	1.97	Mw	0	0	NEI	20220312052000
2022	03	12	05	21	15	35.6378	-97.1813	2289	1.94	Mw	0	0	NEI	20220312052115
2022	03	12	05	22	10	35.637	-97.1828	2283	1.77	Mw	0	0	NEI	20220312052210
2022	03	12	05	22	39	35.6368	-97.1831	2346	1.93	Mw	0	0	NEI	20220312052239
2022	03	12	05	26	21	35.6363	-97.1832	2242	2.00	Mw	0	0	NEI	20220312052621
2022	03	12	05	29	26	35.6364	-97.1833	2358	1.98	Mw	0	0	NEI	20220312052926
2022	03	12	05	31	52	35.6361	-97.1833	2379	2.07	Mw	0	0	NEI	20220312053152
2022	03	12	05	37	59	35.6368	-97.1831	2358	2.07	Mw	0	0	NEI	20220312053759
2022	03	12	05	38	30	35.6352	-97.1848	2370	2.05	Mw	0	0	NEI	20220312053830
2022	03	12	05	39	03	35.6366	-97.1828	2298	2.00	Mw	0	0	NEI	20220312053903
2022	03	12	05	40	56	35.6358	-97.1842	2303	2.00	Mw	0	0	NEI	20220312054056
2022	03	12	05	41	23	35.6372	-97.1829	2198	1.94	Mw	0	0	NEI	20220312054123
2022	03	12	05	44	26	35.6363	-97.1832	2310	1.80	Mw	0	0	NEI	20220312054426
2022	03	12	05	45	14	35.638	-97.1809	2303	1.85	Mw	0	0	NEI	20220312054514
2022	03	12	05	49	29	35.6363	-97.1834	2304	1.84	Mw	0	0	NEI	20220312054929
2022	03	12	05	50	55	35.6359	-97.1832	2447	2.02	Mw	0	0	NEI	20220312055055
2022	03	12	05	53	16	35.6361	-97.1835	2253	2.01	Mw	0	0	NEI	20220312055316
2022	03	12	05	56	33	35.6364	-97.1827	2452	1.86	Mw	0	0	NEI	20220312055633
2022	03	12	06	00	09	35.6367	-97.1835	2328	1.91	Mw	0	0	NEI	20220312060009
2022	03	12	06	01	46	35.6369	-97.1821	2389	2.04	Mw	0	0	NEI	20220312060146
2022	03	12	06	06	28	35.6368	-97.1831	2456	1.88	Mw	0	0	NEI	20220312060628
2022	03	12	06	08	22	35.6334	-97.1868	2205	1.97	Mw	0	0	NEI	20220312060822
2022	03	12	06	09	20	35.636	-97.1832	2266	1.99	Mw	0	0	NEI	20220312060920
2022	03	12	06	10	19	35.6361	-97.1835	2465	1.95	Mw	0	0	NEI	20220312061019
2022	03	12	06	10	24	35.6358	-97.1839	2377	1.95	Mw	0	0	NEI	20220312061024
2022	03	12	06	11	01	35.6358	-97.184	2238	1.96	Mw	0	0	NEI	20220312061101
2022	03	12	06	14	06	35.6362	-97.1839	2396	2.06	Mw	0	0	NEI	20220312061406
2022	03	12	06	16	32	35.6367	-97.1826	2422	1.96	Mw	0	0	NEI	20220312061632
2022	03	12	06	26	09	35.6368	-97.1832	2463	1.80	Mw	0	0	NEI	20220312062609
2022	03	12	06	27	06	35.635	-97.1844	2440	1.99	Mw	0	0	NEI	20220312062706
2022	03	12	06	27	49	35.637	-97.1829	2281	1.94	Mw	0	0	NEI	20220312062749
2022	03	12	06	29	58	35.6358	-97.1841	2418	1.93	Mw	0	0	NEI	20220312062958
2022	03	12	06	32	54	35.637	-97.182	2294	2.12	Mw	0	0	NEI	20220312063254
2022	03	12	06	32	57	35.6351	-97.185	2452	1.88	Mw	0	0	NEI	20220312063257
2022	03	12	06	35	46	35.6363	-97.1833	2307	1.81	Mw	0	0	NEI	20220312063546
2022	03	12	06	41	07	35.634	-97.1862	2439	1.97	Mw	0	0	NEI	20220312064107
2022	03	12	06	44	39	35.6375	-97.1818	2339	1.88	Mw	0	0	NEI	20220312064439
2022	03	12	06	45	16	35.6368	-97.1825	2363	2.02	Mw	0	0	NEI	20220312064516
2022	03	12	06	48	40	35.6362	-97.184	2224	2.00	Mw	0	0	NEI	20220312064840
2022	03	12	06	48	42	35.6355	-97.184	2285	1.94	Mw	0	0	NEI	20220312064842
2022	03	12	06	54	08	35.6368	-97.1828	2349	1.86	Mw	0	0	NEI	20220312065408
2022	03	12	06	54	10	35.6358	-97.1838	2272	1.84	Mw	0	0	NEI	20220312065410
2022	03	12	07	06	46	35.6336	-97.1864	2318	1.82	Mw	0	0	NEI	20220312070646
2022	03	12	07	06	57	35.6368	-97.1829	2371	1.79	Mw	0	0	NEI	20220312070657
2022	03	12	07	07	48	35.6371	-97.1827	2270	1.67	Mw	0	0	NEI	20220312070748
2022	03	12	07	08	10	35.6368	-97.1826	2405	2.00	Mw	0	0	NEI	20220312070810
2022	03	12	07	08	43	35.6344	-97.1851	2454	1.85	Mw	0	0	NEI	20220312070843
2022	03	12	07	14	50	35.6349	-97.1849	2394	1.85	Mw	0	0	NEI	20220312071450
2022	03	12	07	19	32	35.6361	-97.1837	2293	1.80	Mw	0	0	NEI	20220312071932
2022	03	12	07	20	33	35.6362	-97.1833	2291	1.73	Mw	0	0	NEI	20220312072033
2022	03	12	07	20	54	35.637	-97.1826	2397	1.96	Mw	0	0	NEI	20220312072054
2022	03	12	07	25	35	35.6366	-97.1826	2365	1.82	Mw	0	0	NEI	20220312072535
2022	03	12	07	27	58	35.6363	-97.1831	2227	1.95	Mw	0	0	NEI	20220312072758
2022	03	12	07	28	49	35.6368	-97.1828	2294	1.91	Mw	0	0	NEI	20220312072849
2022	03	12	07	30	03	35.637	-97.1829	2226	1.85	Mw	0	0	NEI	20220312073003
2022	03	12	07	31	15	35.6354	-97.1841	2225	1.79	Mw	0	0	NEI	20220312073115
2022	03	12	07	32	12	35.6363	-97.1832	2223	1.65	Mw	0	0	NEI	20220312073212
2022	03	12	07	32	26	35.6362	-97.1835	2255	1.84	Mw	0	0	NEI	20220312073226
2022	03	12	07	36	19	35.6358	-97.1841	2469	1.86	Mw	0	0	NEI	20220312073619
2022	03	12	07	38	39	35.6348	-97.1851	2203	1.70	Mw	0	0	NEI	20220312073839
2022	03	12	07	45	03	35.6352	-97.185	2455	1.93	Mw	0	0	NEI	20220312074503
2022	03	12	07	46	27	35.6364	-97.1829	2353	1.86	Mw	0	0	NEI	20220312074627
2022	03	12	07	49	18	35.6376	-97.1816	2424	2.01	Mw	0	0	NEI	20220312074918
2022	03	12	08	01	09	35.637	-97.1823	2340	1.94	Mw	0	0	NEI	20220312080109
2022	03	12	08	05	23	35.6363	-97.1834	2203	1.82	Mw	0	0	NEI	20220312080523
2022	03	12	08	09	05	35.6356	-97.1839	2467	1.75	Mw	0	0	NEI	20220312080905
2022	03	12	08	09	35	35.6356	-97.1842	2438	1.83	Mw	0	0	NEI	20220312080935
2022	03	12	08	12	26	35.6383	-97.1807	2198	1.75	Mw	0	0	NEI	20220312081226
2022	03	12	08	18	09	35.6363	-97.183	2365	1.75	Mw	0	0	NEI	20220312081809
2022	03	12	08	18	12	35.6359	-97.1836	2369	1.90	Mw	0	0	NEI	20220312081812
2022	03	12	08	20	12	35.6356	-97.1834	2351	1.78	Mw	0	0	NEI	20220312082012
2022	03	12	08	20	34	35.6366	-97.183	2221	1.83	Mw	0	0	NEI	20220312082034
2022	03	12	08	21	55	35.6365	-97.1835	2405	1.85	Mw	0	0	NEI	20220312082155
2022	03	12	08	29	23	35.636	-97.1832	2224	1.76	Mw	0	0	NEI	20220312082923
2022	03	12	08	29	56	35.6368	-97.1826	2212	1.87	Mw	0	0	NEI	20220312082956
2022	03	12	08	30	17	35.6361	-97.1832	2239	1.88	Mw	0	0	NEI	20220312083017
2022	03	12	08	31	42	35.6371	-97.1821	2421	1.86	Mw	0	0	NEI	20220312083142
2022	03	12	08	35	33	35.6365	-97.1832	2271	1.80	Mw	0	0	NEI	20220312083533
2022	03	12	08	42	33	35.6356	-97.1839	2320	1.86	Mw	0	0	NEI	20220312084233
2022	03	12	08	46	45	35.6363	-97.1834	2231	1.81	Mw	0	0	NEI	20220312084645
2022	03	12	08	46	52	35.6372	-97.1812	2398	1.61	Mw	0	0	NEI	20220312084652
2022	03	12	08	50	54	35.6363	-97.1834	2220	1.86	Mw	0	0	NEI	20220312085054
2022	03	12	08	50	58	35.6373	-97.182	2214	1.60	Mw	0	0	NEI	20220312085058
2022	03	12	08	51	38	35.6371	-97.1823	2468	1.61	Mw	0	0	NEI	20220312085138
2022	03	12	08	54	05	35.6367	-97.1832	2327	1.90	Mw	0	0	NEI	20220312085405
2022	03	12	08	59	39	35.6373	-97.1817	2262	1.76	Mw	0	0	NEI	20220312085939
2022	03	12	09	01	15	35.6376	-97.1817	2289	1.82	Mw	0	0	NEI	20220312090115
2022	03	12	09	03	55	35.6356	-97.1847	2282	1.81	Mw	0	0	NEI	20220312090355
2022	03	12	09	10	09	35.636	-97.1836	2320	1.72	Mw	0	0	NEI	20220312091009
2022	03	12	09	24	15	35.6378	-97.1816	2208	1.83	Mw	0	0	NEI	20220312092415
2022	03	12	09	25	36	35.6349	-97.1842	2349	1.73	Mw	0	0	NEI	20220312092536
2022	03	12	09	27	30	35.6349	-97.1848	2406	1.96	Mw	0	0	NEI	20220312092730
2022	03	12	09	29	23	35.6356	-97.1836	2393	1.82	Mw	0	0	NEI	20220312092923
2022	03	12	09	31	37	35.637	-97.1819	2269	1.63	Mw	0	0	NEI	20220312093137
2022	03	12	09	32	33	35.6377	-97.181	2333	1.91	Mw	0	0	NEI	20220312093233
2022	03	12	09	34	08	35.6361	-97.1835	2323	1.88	Mw	0	0	NEI	20220312093408
2022	03	12	09	39	38	35.6364	-97.1831	2441	1.74	Mw	0	0	NEI	20220312093938
2022	03	12	09	39	38	35.6364	-97.183	2235	1.47	Mw	0	0	NEI	20220312093938
2022	03	12	09	41	42	35.636	-97.1834	2400	1.77	Mw	0	0	NEI	20220312094142
2022	03	12	09	44	32	35.6362	-97.1831	2378	1.97	Mw	0	0	NEI	20220312094432
2022	03	12	09	48	39	35.6369	-97.1827	2412	1.76	Mw	0	0	NEI	20220312094839
2022	03	12	09	49	05	35.6376	-97.1817	2204	1.77	Mw	0	0	NEI	20220312094905
2022	03	12	09	51	14	35.6363	-97.1835	2399	1.78	Mw	0	0	NEI	20220312095114
2022	03	12	09	52	28	35.6359	-97.1836	2209	1.75	Mw	0	0	NEI	20220312095228
2022	03	12	09	53	54	35.636	-97.1833	2313	1.64	Mw	0	0	NEI	20220312095354
2022	03	12	09	54	09	35.6359	-97.1837	2402	1.70	Mw	0	0	NEI	20220312095409
2022	03	12	09	55	30	35.6356	-97.1844	2436	1.63	Mw	0	0	NEI	20220312095530
2022	03	12	09	57	52	35.635	-97.1842	2389	1.76	Mw	0	0	NEI	20220312095752
2022	03	12	09	58	56	35.6361	-97.1833	2397	1.76	Mw	0	0	NEI	20220312095856
2022	03	12	09	59	51	35.636	-97.1837	2223	1.71	Mw	0	0	NEI	20220312095951
2022	03	12	10	00	24	35.6366	-97.183	2267	1.80	Mw	0	0	NEI	20220312100024
2022	03	12	10	03	34	35.638	-97.1813	2216	1.79	Mw	0	0	NEI	20220312100334
2022	03	12	10	06	52	35.6354	-97.1844	2306	1.84	Mw	0	0	NEI	20220312100652
2022	03	12	10	10	54	35.6367	-97.1825	2307	1.76	Mw	0	0	NEI	20220312101054
2022	03	12	10	13	41	35.6351	-97.1848	2424	1.73	Mw	0	0	NEI	20220312101341
2022	03	12	10	15	00	35.6384	-97.1808	2444	1.73	Mw	0	0	NEI	20220312101500
2022	03	12	10	15	13	35.6368	-97.1823	2456	1.74	Mw	0	0	NEI	20220312101513
2022	03	12	10	18	56	35.6363	-97.1829	2274	1.67	Mw	0	0	NEI	20220312101856
2022	03	12	10	20	04	35.6376	-97.1814	2215	1.71	Mw	0	0	NEI	20220312102004
2022	03	12	10	27	36	35.6364	-97.1828	2428	1.57	Mw	0	0	NEI	20220312102736
2022	03	12	10	32	39	35.6369	-97.1823	2425	1.84	Mw	0	0	NEI	20220312103239
2022	03	12	10	33	46	35.6351	-97.1842	2385	1.87	Mw	0	0	NEI	20220312103346
2022	03	12	10	36	03	35.6349	-97.1851	2248	1.55	Mw	0	0	NEI	20220312103603
2022	03	12	10	36	04	35.637	-97.183	2232	1.79	Mw	0	0	NEI	20220312103604
2022	03	12	10	36	15	35.6369	-97.1826	2345	1.54	Mw	0	0	NEI	20220312103615
2022	03	12	10	38	18	35.6359	-97.1839	2312	1.57	Mw	0	0	NEI	20220312103818
2022	03	12	10	43	25	35.6366	-97.183	2212	1.58	Mw	0	0	NEI	20220312104325
2022	03	12	10	52	10	35.6384	-97.1807	2325	1.64	Mw	0	0	NEI	20220312105210
2022	03	12	10	56	17	35.637	-97.183	2209	1.74	Mw	0	0	NEI	20220312105617
2022	03	12	10	59	38	35.6362	-97.1835	2327	1.55	Mw	0	0	NEI	20220312105938
2022	03	12	11	01	19	35.6366	-97.183	2345	1.72	Mw	0	0	NEI	20220312110119
2022	03	12	11	01	50	35.6383	-97.1813	2292	1.57	Mw	0	0	NEI	20220312110150
2022	03	12	11	12	52	35.6348	-97.1846	2403	1.38	Mw	0	0	NEI	20220312111252
2022	03	12	11	23	03	35.6377	-97.1812	2222	1.54	Mw	0	0	NEI	20220312112303
2022	03	12	11	40	45	35.6377	-97.1815	2436	1.73	Mw	0	0	NEI	20220312114045
2022	03	12	11	43	45	35.636	-97.1839	2372	1.66	Mw	0	0	NEI	20220312114345
2022	03	12	11	46	49	35.6365	-97.1829	2321	1.54	Mw	0	0	NEI	20220312114649
2022	03	12	11	48	31	35.6349	-97.185	2238	1.74	Mw	0	0	NEI	20220312114831
2022	03	12	11	52	56	35.636	-97.1838	2400	1.60	Mw	0	0	NEI	20220312115256
2022	03	12	11	53	36	35.6353	-97.1846	2224	1.62	Mw	0	0	NEI	20220312115336
2022	03	12	11	53	44	35.6377	-97.1823	2461	1.57	Mw	0	0	NEI	20220312115344
2022	03	12	11	56	12	35.6339	-97.1853	2256	1.73	Mw	0	0	NEI	20220312115612
2022	03	12	11	56	50	35.6352	-97.1847	2411	1.68	Mw	0	0	NEI	20220312115650
2022	03	12	12	01	03	35.6372	-97.1823	2410	1.62	Mw	0	0	NEI	20220312120103
2022	03	12	12	05	36	35.6359	-97.1837	2395	1.64	Mw	0	0	NEI	20220312120536
2022	03	12	12	05	37	35.6372	-97.1822	2221	1.66	Mw	0	0	NEI	20220312120537
2022	03	12	12	08	33	35.6358	-97.1842	2252	1.57	Mw	0	0	NEI	20220312120833
2022	03	12	12	16	01	35.6368	-97.1816	2442	1.51	Mw	0	0	NEI	20220312121601
2022	03	12	12	19	49	35.6369	-97.1826	2316	1.47	Mw	0	0	NEI	20220312121949
2022	03	12	12	30	19	35.6362	-97.1833	2370	1.65	Mw	0	0	NEI	20220312123019
2022	03	12	12	33	41	35.6364	-97.1828	2461	1.57	Mw	0	0	NEI	20220312123341
2022	03	12	12	41	11	35.637	-97.1823	2209	1.73	Mw	0	0	NEI	20220312124111
2022	03	12	12	41	44	35.6355	-97.1841	2213	1.67	Mw	0	0	NEI	20220312124144
2022	03	12	12	41	50	35.6357	-97.1836	2300	1.51	Mw	0	0	NEI	20220312124150
2022	03	12	12	45	03	35.6354	-97.1836	2329	1.71	Mw	0	0	NEI	20220312124503
2022	03	12	12	47	21	35.6371	-97.1821	2273	1.64	Mw	0	0	NEI	20220312124721
2022	03	12	12	49	53	35.6367	-97.1828	2270	1.61	Mw	0	0	NEI	20220312124953
2022	03	12	12	51	39	35.6364	-97.1831	2310	1.57	Mw	0	0	NEI	20220312125139
2022	03	12	12	53	15	35.636	-97.1836	2455	1.41	Mw	0	0	NEI	20220312125315
2022	03	12	12	53	29	35.6365	-97.1831	2410	1.70	Mw	0	0	NEI	20220312125329
2022	03	12	12	57	32	35.6359	-97.1844	2234	1.66	Mw	0	0	NEI	20220312125732
2022	03	12	13	03	38	35.6371	-97.1819	2257	1.53	Mw	0	0	NEI	20220312130338
2022	03	12	13	08	23	35.6345	-97.1847	2354	1.64	Mw	0	0	NEI	20220312130823
2022	03	12	13	11	26	35.6371	-97.1825	2229	1.46	Mw	0	0	NEI	20220312131126
2022	03	12	13	14	41	35.6372	-97.1826	2408	1.45	Mw	0	0	NEI	20220312131441
2022	03	12	13	20	30	35.6362	-97.1825	2251	1.50	Mw	0	0	NEI	20220312132030
2022	03	12	13	21	56	35.6356	-97.1843	2303	1.59	Mw	0	0	NEI	20220312132156
2022	03	12	13	24	45	35.6356	-97.1837	2361	1.58	Mw	0	0	NEI	20220312132445
2022	03	12	13	26	37	35.6355	-97.184	2396	1.65	Mw	0	0	NEI	20220312132637
2022	03	12	13	32	03	35.6371	-97.183	2327	1.47	Mw	0	0	NEI	20220312133203
2022	03	12	13	33	03	35.6352	-97.1843	2229	1.39	Mw	0	0	NEI	20220312133303
2022	03	12	13	33	58	35.6363	-97.1831	2432	1.47	Mw	0	0	NEI	20220312133358
2022	03	12	13	35	05	35.6357	-97.1833	2346	1.56	Mw	0	0	NEI	20220312133505
2022	03	12	13	41	27	35.6367	-97.182	2233	1.52	Mw	0	0	NEI	20220312134127
2022	03	12	13	44	21	35.6372	-97.1817	2232	1.45	Mw	0	0	NEI	20220312134421
2022	03	12	13	49	12	35.6382	-97.1809	2308	1.58	Mw	0	0	NEI	20220312134912
2022	03	12	13	49	54	35.635	-97.1849	2241	1.78	Mw	0	0	NEI	20220312134954
2022	03	12	13	50	09	35.6374	-97.1817	2305	1.24	Mw	0	0	NEI	20220312135009
2022	03	12	14	02	46	35.6352	-97.1839	2256	1.52	Mw	0	0	NEI	20220312140246
2022	03	12	14	03	52	35.6355	-97.1844	2211	1.34	Mw	0	0	NEI	20220312140352
2022	03	12	14	06	14	35.6363	-97.1834	2293	1.49	Mw	0	0	NEI	20220312140614
2022	03	12	14	11	40	35.6367	-97.1829	2286	1.53	Mw	0	0	NEI	20220312141140
2022	03	12	14	16	37	35.6349	-97.1847	2338	1.46	Mw	0	0	NEI	20220312141637
2022	03	12	14	31	03	35.637	-97.1823	2343	1.54	Mw	0	0	NEI	20220312143103
2022	03	12	14	34	00	35.6362	-97.183	2344	1.64	Mw	0	0	NEI	20220312143400
2022	03	12	14	36	47	35.6375	-97.1818	2338	1.56	Mw	0	0	NEI	20220312143647
2022	03	12	14	41	59	35.6363	-97.1832	2208	1.60	Mw	0	0	NEI	20220312144159
2022	03	12	14	43	22	35.6356	-97.1844	2462	1.36	Mw	0	0	NEI	20220312144322
2022	03	12	14	46	20	35.6365	-97.1829	2442	1.43	Mw	0	0	NEI	20220312144620
2022	03	12	14	48	10	35.6373	-97.1817	2341	1.52	Mw	0	0	NEI	20220312144810
2022	03	12	14	48	19	35.6372	-97.1821	2297	1.52	Mw	0	0	NEI	20220312144819
2022	03	12	14	50	39	35.6372	-97.1819	2295	1.55	Mw	0	0	NEI	20220312145039
2022	03	12	14	51	35	35.6349	-97.1853	2243	1.37	Mw	0	0	NEI	20220312145135
2022	03	12	14	53	38	35.6377	-97.1811	2313	1.49	Mw	0	0	NEI	20220312145338
2022	03	12	14	54	32	35.6384	-97.1808	2393	1.61	Mw	0	0	NEI	20220312145432
2022	03	12	15	05	47	35.6364	-97.1833	2405	1.52	Mw	0	0	NEI	20220312150547
2022	03	12	15	08	02	35.6365	-97.1836	2305	1.29	Mw	0	0	NEI	20220312150802
2022	03	12	15	20	42	35.6373	-97.1821	2312	1.49	Mw	0	0	NEI	20220312152042
2022	03	12	15	23	34	35.6356	-97.1841	2400	1.36	Mw	0	0	NEI	20220312152334
2022	03	12	15	24	37	35.6364	-97.1829	2308	1.48	Mw	0	0	NEI	20220312152437
2022	03	12	15	27	48	35.6367	-97.183	2274	1.50	Mw	0	0	NEI	20220312152748
2022	03	12	15	33	33	35.6369	-97.1827	2297	1.58	Mw	0	0	NEI	20220312153333
2022	03	12	15	33	45	35.6369	-97.1823	2398	1.41	Mw	0	0	NEI	20220312153345
2022	03	12	15	33	52	35.6352	-97.1845	2430	1.51	Mw	0	0	NEI	20220312153352
2022	03	12	15	36	13	35.6368	-97.1823	2250	1.45	Mw	0	0	NEI	20220312153613
2022	03	12	15	53	25	35.6364	-97.1831	2406	1.36	Mw	0	0	NEI	20220312155325
2022	03	12	15	55	04	35.6355	-97.1833	2359	1.28	Mw	0	0	NEI	20220312155504
2022	03	12	15	55	21	35.636	-97.1831	2390	1.56	Mw	0	0	NEI	20220312155521
2022	03	12	16	09	53	35.6371	-97.1823	2426	1.34	Mw	0	0	NEI	20220312160953
2022	03	12	16	12	01	35.6375	-97.1819	2217	1.44	Mw	0	0	NEI	20220312161201
2022	03	12	16	21	35	35.6375	-97.182	2445	1.55	Mw	0	0	NEI	20220312162135
2022	03	12	16	26	26	35.6345	-97.1851	2269	1.32	Mw	0	0	NEI	20220312162626
2022	03	12	16	32	34	35.6364	-97.1831	2340	1.42	Mw	0	0	NEI	20220312163234
2022	03	12	16	40	10	35.6365	-97.1827	2261	1.44	Mw	0	0	NEI	20220312164010
2022	03	12	16	40	12	35.6363	-97.1827	2313	1.29	Mw	0	0	NEI	20220312164012
2022	03	12	16	40	55	35.6365	-97.1834	2239	1.36	Mw	0	0	NEI	20220312164055
2022	03	12	16	55	07	35.637	-97.1819	2378	1.39	Mw	0	0	NEI	20220312165507
2022	03	12	16	59	30	35.6375	-97.182	2443	1.31	Mw	0	0	NEI	20220312165930
2022	03	12	17	00	05	35.636	-97.1835	2442	1.33	Mw	0	0	NEI	20220312170005
2022	03	12	17	08	49	35.6349	-97.1851	2350	1.20	Mw	0	0	NEI	20220312170849
2022	03	12	17	09	38	35.6363	-97.1825	2255	1.35	Mw	0	0	NEI	20220312170938
2022	03	12	17	11	57	35.6353	-97.184	2322	1.60	Mw	0	0	NEI	20220312171157
2022	03	12	17	13	38	35.6368	-97.1832	2334	1.39	Mw	0	0	NEI	20220312171338
2022	03	12	17	17	10	35.6358	-97.1841	2429	1.16	Mw	0	0	NEI	20220312171710
2022	03	12	17	26	59	35.6359	-97.1835	2299	1.47	Mw	0	0	NEI	20220312172659
2022	03	12	17	29	50	35.6357	-97.1842	2264	1.48	Mw	0	0	NEI	20220312172950
2022	03	12	17	31	57	35.636	-97.1839	2243	1.35	Mw	0	0	NEI	20220312173157
2022	03	12	17	32	13	35.6349	-97.1851	2215	1.34	Mw	0	0	NEI	20220312173213
2022	03	12	17	32	17	35.6344	-97.1853	2215	1.32	Mw	0	0	NEI	20220312173217
2022	03	12	17	41	37	35.6369	-97.1828	2232	1.27	Mw	0	0	NEI	20220312174137
2022	03	12	17	51	15	35.6361	-97.1837	2257	1.29	Mw	0	0	NEI	20220312175115
2022	03	12	18	01	08	35.6373	-97.1819	2245	1.42	Mw	0	0	NEI	20220312180108
2022	03	12	18	14	13	35.6364	-97.1824	2288	1.33	Mw	0	0	NEI	20220312181413
2022	03	12	18	15	12	35.6351	-97.185	2344	1.47	Mw	0	0	NEI	20220312181512
2022	03	12	18	24	45	35.6364	-97.1831	2273	1.39	Mw	0	0	NEI	20220312182445
2022	03	12	18	29	17	35.6376	-97.1817	2200	1.20	Mw	0	0	NEI	20220312182917
2022	03	12	18	31	08	35.6371	-97.1818	2377	1.52	Mw	0	0	NEI	20220312183108
2022	03	12	18	40	33	35.6384	-97.1808	2200	1.31	Mw	0	0	NEI	20220312184033
2022	03	12	18	44	02	35.6371	-97.1822	2236	1.25	Mw	0	0	NEI	20220312184402
2022	03	12	18	54	06	35.6362	-97.1836	2313	1.40	Mw	0	0	NEI	20220312185406
2022	03	12	19	03	59	35.6355	-97.1842	2333	1.30	Mw	0	0	NEI	20220312190359
2022	03	12	19	10	31	35.6373	-97.1823	2213	1.36	Mw	0	0	NEI	20220312191031
2022	03	12	19	14	53	35.6367	-97.1825	2381	1.36	Mw	0	0	NEI	20220312191453
2022	03	12	19	14	54	35.6375	-97.1817	2261	1.48	Mw	0	0	NEI	20220312191454
2022	03	12	19	20	51	35.6367	-97.1826	2455	1.42	Mw	0	0	NEI	20220312192051
2022	03	12	19	26	52	35.6358	-97.1836	2274	1.36	Mw	0	0	NEI	20220312192652
2022	03	12	19	44	13	35.6381	-97.1808	2449	1.34	Mw	0	0	NEI	20220312194413
2022	03	12	19	47	04	35.6367	-97.1828	2201	1.31	Mw	0	0	NEI	20220312194704
2022	03	12	19	47	28	35.6347	-97.1852	2246	1.38	Mw	0	0	NEI	20220312194728
2022	03	12	19	51	43	35.6363	-97.1829	2363	1.30	Mw	0	0	NEI	20220312195143
2022	03	12	19	56	53	35.6371	-97.1825	2216	1.19	Mw	0	0	NEI	20220312195653
2022	03	12	20	00	38	35.637	-97.1826	2310	1.22	Mw	0	0	NEI	20220312200038
2022	03	12	20	10	11	35.6381	-97.1803	2375	1.28	Mw	0	0	NEI	20220312201011
2022	03	12	20	11	13	35.6357	-97.1839	2353	1.29	Mw	0	0	NEI	20220312201113
2022	03	12	20	19	29	35.6366	-97.1832	2436	1.32	Mw	0	0	NEI	20220312201929
2022	03	12	20	24	29	35.6352	-97.1845	2367	1.41	Mw	0	0	NEI	20220312202429
2022	03	12	20	24	59	35.635	-97.1841	2258	1.24	Mw	0	0	NEI	20220312202459
2022	03	12	20	25	19	35.6359	-97.1835	2278	1.34	Mw	0	0	NEI	20220312202519
2022	03	12	20	26	56	35.6376	-97.1811	2338	1.24	Mw	0	0	NEI	20220312202656
2022	03	12	20	35	36	35.6373	-97.1818	2204	1.24	Mw	0	0	NEI	20220312203536
2022	03	12	20	39	27	35.6371	-97.1829	2354	1.31	Mw	0	0	NEI	20220312203927
2022	03	12	20	55	06	35.6369	-97.1825	2317	1.31	Mw	0	0	NEI	20220312205506
2022	03	12	20	56	52	35.6377	-97.1822	2328	1.30	Mw	0	0	NEI	20220312205652
2022	03	12	20	57	26	35.6361	-97.1836	2250	1.33	Mw	0	0	NEI	20220312205726
2022	03	12	21	01	16	35.6374	-97.182	2210	1.27	Mw	0	0	NEI	20220312210116
2022	03	12	21	01	38	35.6374	-97.1821	2357	1.32	Mw	0	0	NEI	20220312210138
2022	03	12	21	01	56	35.6367	-97.1832	2380	1.15	Mw	0	0	NEI	20220312210156
2022	03	12	21	11	45	35.6367	-97.1825	2378	1.45	Mw	0	0	NEI	20220312211145
2022	03	12	21	14	00	35.6382	-97.1811	2362	1.12	Mw	0	0	NEI	20220312211400
2022	03	12	21	32	42	35.6361	-97.1839	2211	1.14	Mw	0	0	NEI	20220312213242
2022	03	12	21	36	30	35.6364	-97.1833	2312	1.38	Mw	0	0	NEI	20220312213630
2022	03	12	21	47	42	35.6379	-97.1812	2241	1.09	Mw	0	0	NEI	20220312214742
2022	03	12	21	48	49	35.6374	-97.1823	2339	1.22	Mw	0	0	NEI	20220312214849
2022	03	12	21	53	25	35.6364	-97.1834	2301	1.14	Mw	0	0	NEI	20220312215325
2022	03	12	21	57	15	35.6361	-97.1835	2217	1.26	Mw	0	0	NEI	20220312215715
2022	03	12	22	02	59	35.6377	-97.1819	2356	1.27	Mw	0	0	NEI	20220312220259
2022	03	12	22	15	47	35.6357	-97.184	2419	1.24	Mw	0	0	NEI	20220312221547
2022	03	12	22	28	31	35.637	-97.1831	2210	1.29	Mw	0	0	NEI	20220312222831
2022	03	12	22	32	50	35.6376	-97.1816	2304	1.33	Mw	0	0	NEI	20220312223250
2022	03	12	22	35	11	35.6366	-97.1829	2205	1.32	Mw	0	0	NEI	20220312223511
2022	03	12	22	54	10	35.6384	-97.1807	2337	1.19	Mw	0	0	NEI	20220312225410
2022	03	12	22	56	31	35.6365	-97.1824	2403	1.20	Mw	0	0	NEI	20220312225631
2022	03	12	22	58	18	35.637	-97.1816	2374	1.40	Mw	0	0	NEI	20220312225818
2022	03	12	23	05	25	35.6356	-97.1848	2360	1.30	Mw	0	0	NEI	20220312230525
2022	03	12	23	17	52	35.6367	-97.1821	2263	1.15	Mw	0	0	NEI	20220312231752
2022	03	12	23	29	58	35.6376	-97.1825	2206	1.12	Mw	0	0	NEI	20220312232958
2022	03	12	23	33	37	35.6357	-97.1845	2198	1.21	Mw	0	0	NEI	20220312233337
2022	03	12	23	34	29	35.6352	-97.1849	2437	1.15	Mw	0	0	NEI	20220312233429
2022	03	12	23	46	06	35.6373	-97.1823	2432	1.26	Mw	0	0	NEI	20220312234606
2022	03	12	23	53	37	35.6367	-97.183	2257	1.19	Mw	0	0	NEI	20220312235337
